15610
18418
46587
11000
26245
58176
10283
21312
108450
27500
151151
326340
102986
409780
159360
123648
169796
550890
184072
452920
605115
175252
534750
84504
500800
203372
657882
142576
359687
118170
814928
119872
394350
857922
499695
283428
704998
391134
363558
75560
830783
1371090
113262
693264
1330830
789314
362746
271008
401065
883300
84558
73580
1715557
666306
131890
555408
808431
1436544
1233454
1892640
1769
1165724
247779
426624
1566630
965052
2045376
1130092
1203912
365400
1849834
2277288
2016041
1659672
791325
1657256
343112
2337348
1113347
1483040
2399301
2086162
1713037
2092860
1357620
2473274
2026404
1571592
1474374
1007190
2564926
563868
520149
3045036
2314960
2537760
854473
1669234
1884960
905900
